0.59694093
0.4125818
0.39699826
0.37305975
0.3588383
0.3550856
0.35717702
0.33643916
0.35058832
0.3457765
0.33392602
0.3454176
0.31505632
0.31248662
0.30758485
0.30281106
0.3105647
0.29948023
0.30302447
0.2981665
0.29515705
0.2951947
0.28764415
0.29646093
0.2918635
0.27942634
0.2934757
0.2913069
0.29600605
0.2891157
0.29873195
0.27720955
0.28654414
0.2763944
0.26663777
0.26090202
0.26874518
0.2788557
0.26246947
0.26685885
0.2538007
0.2539949
0.25201917
0.25625715
0.24717654
0.24419048
0.25272983
0.25388992
0.25934055
0.24908721
