0.6424952
0.82103807
0.8636571
0.8752762
0.88179046
0.8884381
0.8939619
0.8978286
0.90185714
0.9055714
0.9086762
0.91157144
0.9129619
0.91506666
0.9162286
0.91826665
0.9214381
0.9211905
0.9239905
0.92337143
0.9230286
0.92517143
0.9263333
0.9270857
0.92661905
0.9287429
0.92885715
0.92831427
0.926819
0.92739046
0.9282
0.9288286
0.9285143
0.9285905
0.93057144
0.9312571
0.9313524
0.93134284
0.93186665
0.93249524
0.93298095
0.93326664
0.9333905
0.9333619
0.9332476
0.934019
0.9340381
0.9343333
0.93425715
0.93444765
