0.7523238
0.8704762
0.88783807
0.8978571
0.9048857
0.9122857
0.9145143
0.91822857
0.92301905
0.9236095
0.9252286
0.92741907
0.9288286
0.93067616
0.9316952
0.9312381
0.9324857
0.9336381
0.9343619
0.9352
0.936
0.9356476
0.93691427
0.93630475
0.93698096
0.93720955
0.937
0.9375714
0.9388
0.93834287
0.9387238
0.9393905
0.93950474
0.9401714
0.9398952
0.94018096
0.9396381
0.9399524
0.94055235
0.9414667
0.9408
0.94030476
0.94070476
0.94145715
0.94118094
0.9410286
0.94116193
0.9411714
0.94164765
0.94173336
