0.38384593
0.3688139
0.36151648
0.34484598
0.30061716
0.29046664
0.2823689
0.2677449
0.2824909
0.25939316
0.25144246
0.24880935
0.24602187
0.23811737
0.23685895
0.22878289
0.2389723
0.23463339
0.22766384
0.22663951
0.23623794
0.21801212
0.22607407
0.2195825
0.22676854
0.22293614
0.23122674
0.22570506
0.21496257
0.224933
0.20996812
0.21490397
0.2221913
0.21137917
0.2068378
0.2158486
0.20407966
0.21914092
0.20049638
0.21284479
0.20355456
0.20279253
0.20833515
0.20499432
0.20520629
0.2056534
0.20551334
0.20803961
0.20740002
0.21001053
